sendingTime,receivingTime
1491301331740,1491301331753
1491301331740,1491301331754
